1.074446
1.042276
0.968870
0.993581
0.938266
0.933830
0.860360
0.801746
0.689195
0.732544
0.588442
0.497451
0.451692
0.368475
0.294316
0.187133
0.114461
0.157272
0.104477
0.128656
0.051967
0.067245
0.088692
0.097524
0.032523
0.098437
0.066984
0.069712
0.156873
0.059506
0.174148
0.096402
0.038305
0.012694
0.027317
0.086266
0.183168
0.082454
0.024044
0.084023
0.037032
0.025958
0.012467
0.039035
0.021380
0.011147
0.006378
0.031831
0.076477
0.207813
0.041763
0.011568
0.056665
0.029595
0.032206
0.027797
0.005879
0.004944
0.004757
0.005035
0.003685
0.003322
0.021276
0.005610
0.002267
0.001924
0.001918
0.066888
0.201099
0.138719
0.008075
0.015257
0.016132
0.004943
0.002906
0.003843
0.002279
0.002393
0.009797
0.003204
0.001909
0.002031
0.016164
0.002645
0.009619
0.004521
0.003661
0.001308
0.001369
0.001160
0.000811
0.016740
0.013452
0.281629
0.084654
0.020715
0.006549
0.048611
0.032784
0.005284
0.003216
0.034554
0.003694
0.002292
0.011653
0.006574
0.001504
0.001359
0.001140
0.000950
0.001113
0.005015
0.001051
0.000717
0.007756
0.209834
0.207798
0.016969
0.004575
0.019686
0.004678
0.005844
0.002625
0.001569
0.002533
0.001391
0.002709
0.004453
0.001287
0.002022
0.059573
0.062108
0.023083
0.005459
0.002975
0.002053
0.003025
0.000952
0.000880
0.000850
0.001137
0.000793
0.000627
0.000539
0.000588
0.000432
0.000529
0.000330
0.000407
0.047560
0.106998
0.016498
0.002784
0.001326
0.001591
0.001070
0.028996
0.006862
0.001330
0.001233
0.000934
0.000929
0.000787
0.000671
0.000612
0.000654
0.000595
0.000481
0.000382
0.000349
0.000356
0.000283
0.000258
0.000237
0.000249
0.000214
0.000242
0.000228
0.000196
0.000212
0.000278
0.000237
0.000167
0.000189
0.000121
0.000136
0.000119
0.000133
0.022565
0.454745
0.070304
0.017730
0.005975
0.001917
0.015149
0.001678
0.001108
0.001373
0.004430
0.000803
0.001129
0.000686
0.000539
0.002053
0.001188
0.000662
0.000529
0.000434
0.000363
0.000377
0.000338
0.000355
0.000268
0.000265
0.000261
0.000233
0.000198
0.002144
0.000325
0.000372
0.000288
0.000252
0.000177
0.000227
0.000175
0.000166
0.000739
0.000396
0.000151
0.000410
0.000155
0.000170
0.000121
0.000107
0.000136
0.000114
0.000094
0.000074
0.000088
0.000103
0.000062
0.000131
0.000941
0.000161
0.000156
0.093310
0.212356
0.050151
0.003911
0.016523
0.003820
0.005612
0.003758
0.000915
0.000993
0.000691
0.000576
0.000926
0.000866
0.000400
0.000314
0.000594
0.000328
0.000349
0.000265
0.008057
0.000829
0.000482
0.000405
0.000315
0.000260
0.000276
0.000167
0.000201
0.000183
0.000176
0.000139
0.000121
0.000126
0.000115
0.000121
0.000100
0.000098
0.000101
0.000155
0.000389
0.000107
0.000074
0.000097
0.000067
0.000061
0.000238
0.000063
0.000075
0.000072
0.000042
0.000043
0.000296
0.000074
0.000168
0.000067
0.000442
0.000110
0.000055
0.000065
0.000049
0.000035
0.000063
0.000031
0.000042
0.000029
0.000032
0.000022
0.000024
0.000024
0.000034
0.000056
0.000026
0.000018
0.000016
0.000017
0.000014
0.000010
0.000017
0.000009
0.000039
0.000012
0.000013
0.000012
0.000007
0.000010
0.000007
0.000007
0.000006
0.000010
0.000008
0.004698
0.158600
0.049063
0.049838
0.009896
0.004980
0.009237
0.000608
0.001926
0.000390
0.000288
0.000266
0.000312
0.000369
0.000462
0.000187
0.000233
0.000204
0.000307
0.000222
0.004325
0.000339
0.000389
0.000183
0.000139
0.000171
0.000427
0.000121
0.002365
0.000268
0.000208
0.000225
0.000123
0.000124
0.000090
0.000065
0.000065
0.000053
0.000070
0.000059
0.000065
0.000047
0.030766
0.142668
0.006877
0.003195
0.009712
0.000601
0.000634
0.000415
0.000412
0.000264
0.000279
0.000304
0.000216
0.000189
0.000193
0.000211
0.000198
0.000192
0.000202
0.000146
0.000133
0.000128
0.000103
0.000166
0.000109
0.000090
0.000104
0.000096
0.000085
0.047912
0.203476
0.010016
0.003949
0.025449
0.003549
0.008504
0.001085
0.000565
0.000437
0.000401
0.000658
0.000322
0.000296
0.000297
0.000316
0.000223
0.000196
0.000154
0.000204
0.000173
0.000159
0.000147
0.000632
0.000107
0.000123
0.000100
0.000100
0.000134
0.000092
0.000082
0.000071
0.000062
0.000065
0.000055
0.000073
0.000052
0.000063
0.000058
0.000038
0.000036
0.000112
0.000037
0.000027
0.000098
0.000031
0.000037
0.000024
0.000025
0.000026
0.000020
0.000020
0.000019
0.000017
0.000015
0.000021
0.000185
0.000049
0.000028
0.000038
0.000021
0.000027
0.000021
0.000020
0.000013
0.000013
0.000009
0.000008
0.000010
0.000014
0.000029
0.000062
0.000021
0.000034
0.000008
0.000012
0.000007
0.000008
0.000006
0.000006
0.000015
0.000011
0.000007
0.000008
0.000004
0.000028
0.000013
0.000006
0.000008
0.000004
0.000004
0.000004
0.000021
