1.097503
0.984430
0.957404
0.869595
0.812855
0.696171
0.690888
0.533487
0.435011
0.347059
0.243451
0.230832
0.222785
0.126117
0.186924
0.076689
0.233645
0.104398
0.131652
0.069976
0.035182
0.036061
0.020936
0.130028
0.061574
0.051229
0.099439
0.032236
0.213678
0.118682
0.023771
0.012369
0.037735
0.029650
0.194829
0.141619
0.072840
0.032884
0.032078
0.021895
0.014143
0.064190
0.056143
0.023900
0.012269
0.032182
0.068316
0.132372
0.223883
0.064017
0.011968
0.009641
0.049702
0.032555
0.009279
0.004906
0.009491
0.004095
0.003150
0.009367
0.007798
0.003836
0.002371
0.002125
0.001622
0.002647
0.127414
0.171453
0.173326
0.033989
0.036937
0.010965
0.003713
0.002512
0.007728
0.005884
0.006102
0.002765
0.001904
0.001748
0.001635
0.053769
0.031058
0.015598
0.013299
0.122807
0.126207
0.030811
0.021211
0.007012
0.008893
0.017535
0.005034
0.003929
0.041110
0.003749
0.002496
0.002363
0.001711
0.001410
0.001030
0.000873
0.001254
0.000793
0.055030
0.177599
0.056495
0.037716
0.004064
0.003947
0.002549
0.002155
0.001937
0.022982
0.002514
0.001684
0.001096
0.001507
0.001089
0.000873
0.000946
0.000917
0.000669
0.015876
0.061070
0.111556
0.013813
0.003218
0.001602
0.001434
0.002143
0.001313
0.001155
0.000833
0.000869
0.000639
0.031181
0.009830
0.001660
0.000992
0.005680
0.006793
0.011957
0.210185
0.016615
0.009322
0.003530
0.002257
0.003383
0.001416
0.001287
0.002853
0.000793
0.000825
0.000665
0.000776
0.000558
0.000733
0.000496
0.000501
0.000424
0.000426
0.000425
0.000351
0.008505
0.113543
0.100370
0.032063
0.012675
0.006120
0.001492
0.001784
0.006838
0.001402
0.000839
0.001274
0.000890
0.000609
0.000725
0.000529
0.000436
0.000385
0.000630
0.003404
0.000677
0.000417
0.000304
0.000305
0.000305
0.000359
0.000324
0.000222
0.000224
0.000192
0.006337
0.266663
0.031475
0.010317
0.001468
0.006140
0.001616
0.001008
0.000878
0.001092
0.001162
0.000791
0.002432
0.000735
0.001438
0.000731
0.000398
0.000506
0.000357
0.000423
0.003152
0.000588
0.001107
0.000455
0.000306
0.000197
0.000912
0.000328
0.000247
0.001477
0.103872
0.100822
0.018270
0.002303
0.001704
0.000895
0.001139
0.026314
0.011589
0.001526
0.003300
0.010884
0.004113
0.000746
0.000647
0.000482
0.000384
0.000393
0.000406
0.000390
0.000336
0.000332
0.000348
0.000298
0.000253
0.001270
0.000256
0.000155
0.000263
0.000200
0.000196
0.000144
0.000138
0.000141
0.000146
0.000121
0.000145
0.000151
0.001429
0.000474
0.000278
0.029945
0.007481
0.002278
0.000718
0.000334
0.000276
0.000245
0.000532
0.000180
0.000198
0.000189
0.000389
0.000171
0.000128
0.000105
0.000136
0.000128
0.000100
0.000097
0.000096
0.000087
0.000083
0.000086
0.000069
0.000111
0.000073
0.000058
0.000076
0.000072
0.000046
0.000048
0.000055
0.000051
0.000037
0.000074
0.000043
0.000028
0.000034
0.000028
0.003505
0.000096
0.000097
0.000091
0.000154
0.000068
0.000062
0.000042
0.000046
0.000059
0.000039
0.000046
0.000040
0.000375
0.342578
0.036398
0.004916
0.001190
0.001468
0.001227
0.000846
0.000571
0.000659
0.000809
0.000475
0.001193
0.000442
0.000412
0.000310
0.000285
0.000261
0.000341
0.000231
0.000213
0.000246
0.006029
0.000368
0.000575
0.000224
0.000202
0.000294
0.000396
0.000240
0.000148
0.000133
0.000118
0.000128
0.000158
0.000097
0.000089
0.000081
0.000139
0.000081
0.000086
0.000072
0.000111
0.000074
0.000073
0.000062
0.000076
0.000046
0.000053
0.000063
0.000054
0.000034
0.000058
0.000032
0.000029
0.000031
0.000028
0.000036
0.000247
0.000103
0.000117
0.116841
0.070887
0.016968
0.009881
0.006843
0.001071
0.000511
0.001991
0.001432
0.004061
0.001765
0.000307
0.000253
0.000240
0.000190
0.000349
0.000456
0.000172
0.000160
0.000160
0.000216
0.000088
0.000153
0.000388
0.000102
0.000107
0.000111
0.000111
0.000317
0.000100
0.000079
0.000106
0.000062
0.000069
0.000059
0.096497
0.030256
0.003950
0.000634
0.000841
0.000490
0.000391
0.000371
0.000180
0.000162
0.001141
0.000715
0.002049
0.000162
0.000175
0.000202
0.000135
0.000212
0.000122
0.000099
0.000104
0.000098
0.000095
0.000101
0.000077
0.000075
0.000069
0.000138
0.000064
0.000066
0.000090
0.000060
0.000048
0.000047
0.000033
0.000049
0.000061
0.000032
0.000042
0.000051
0.000038
0.000068
0.000036
0.000027
0.000033
0.000024
0.000042
0.000017
0.000026
0.000020
0.000022
0.000026
0.000054
0.000018
0.000020
0.000034
0.000017
0.000016
0.000017
0.000026
0.000015
0.000013
0.000017
0.000011
0.000010
0.000008
0.000007
0.000009
0.000029
0.000009
0.000011
0.000008
0.000008
0.000006
0.000008
0.000007
0.000006
0.000004
0.000007
0.000004
0.000005
0.000005
0.000005
0.000028
0.000013
0.000006
0.000062
